1.83330322e+00 8.24714017e-03 1.51939739e-06 2.24794374e+00
1.82980748e+00 3.50261266e-02 2.52125060e-05 2.24142472e+00
1.82893614e+00  4.08517840e-02 -2.60206891e-06  2.24016278e+00
1.83019620e+00 3.33969418e-02 9.23380832e-07 2.24178337e+00
1.81870963e+00 1.13722529e-01 5.47407244e-05 2.22336188e+00
1.83231148e+00 2.37779815e-02 5.14821566e-07 2.24318907e+00
1.83122643e+00 2.96748909e-02 -2.63655916e-06 2.24200328e+00
1.83182673e+00 2.15280220e-02 8.41888695e-07 2.24441292e+00
1.82757543e+00 5.11848422e-02 3.16223559e-05 2.23769168e+00
1.82948449e+00 3.76062919e-02 1.48950005e-06 2.24082206e+00
1.82968345e+00 3.60853854e-02 8.23162915e-07 2.24118110e+00
1.83129778e+00 2.28585122e-02 1.02514994e-06 2.24430144e+00
1.82875467e+00 4.17973968e-02 1.38189437e-06 2.23997674e+00
1.82873445e+00 4.27412248e-02 4.97055772e-05 2.23963955e+00
1.82896641e+00 4.14591406e-02 -1.48355128e-05 2.23992332e+00
1.82901941e+00 4.02110424e-02 1.92291597e-05 2.24028689e+00
1.82988756e+00 3.46271048e-02 1.13682850e-06 2.24149296e+00
1.83000648e+00 3.36486019e-02 1.72616674e-06 2.24174903e+00
1.82981949e+00 3.44787909e-02 8.20881364e-05 2.24158413e+00
1.83000547e+00 3.36702756e-02 2.31548467e-06 2.24174220e+00
1.83133965e+00 3.01502578e-02 3.94511728e-07 2.24178822e+00
1.83039467e+00 3.15861215e-02 1.13924181e-06 2.24225585e+00
1.83191708e+00 2.04377760e-02 5.64604610e-07 2.24471198e+00
1.82663917e+00  5.81164841e-02 -2.10000887e-05  2.23608774e+00
1.83138567e+00 2.82099897e-02 1.47958517e-06 2.24248359e+00
1.83114901e+00 1.82840045e-02 1.10622995e-08 2.24469416e+00
1.82982046e+00  3.53081403e-02 -1.18526795e-05  2.24134433e+00
1.83144132e+00 2.76546985e-02 2.13039126e-06 2.24261924e+00
1.83194466e+00 2.53987587e-02 1.08117207e-06 2.24287246e+00
1.83184098e+00 2.14652527e-02 1.21960971e-06 2.24442345e+00
1.83114803e+00 1.83438723e-02 1.11054261e-06 2.24467405e+00
1.83186092e+00 2.06531800e-02 7.85586661e-05 2.24469289e+00
1.82735516e+00 5.26531126e-02 2.30394014e-06 2.23737619e+00
1.83221585e+00 1.65048536e-02 8.04620803e-07 2.24597008e+00
1.82802361e+00 4.81683810e-02 2.42216187e-06 2.23837900e+00
1.83183182e+00 1.44405782e-02 4.33712702e-07 2.24692492e+00
1.82804206e+00 4.75686273e-02 7.13709714e-05 2.23853410e+00
1.82832909e+00 4.54409642e-02 3.90286742e-05 2.23904890e+00
1.82790789e+00  4.90201356e-02 -1.70711435e-06  2.23818256e+00
1.82849981e+00 4.43475111e-02 5.60852585e-05 2.23927303e+00
1.83285154e+00 1.14288906e-02 1.05678546e-06 2.24722345e+00
4.00281227e+01 -5.80373226e-02 -2.32736489e-05 -1.83217641e+01
1.83297025e+00 1.06561278e-02 1.40566330e-06 2.24738287e+00
1.83319244e+00 9.05137047e-03 7.95018173e-07 2.24775945e+00
1.82679978e+00 5.67818278e-02 1.54413451e-05 2.23639984e+00
1.83120502e+00 3.07287371e-02 1.82217272e-06 2.24169156e+00
1.82762485e+00 5.05453223e-02 6.61389937e-05 2.23785356e+00
1.82698014e+00  5.56850472e-02 -1.66004921e-05  2.23664759e+00
4.96791311e+01 -7.36111859e-02 -3.19398640e-05 -2.94883355e+01
1.83250803e+00 1.51513717e-02 3.58927582e-07 2.24620648e+00
1.83287661e+00 1.12865077e-02 2.38197835e-07 2.24724731e+00
1.82790268e+00  4.91671135e-02 -1.54265176e-05  2.23814090e+00
1.83372905e+00 5.22399186e-03 6.02441140e-07 2.24864506e+00
1.83331426e+00 8.08569284e-03 6.46219226e-07 2.24798597e+00
1.83371638e+00 5.36701068e-03 5.83671048e-07 2.24860720e+00
1.83196765e+00 2.00400528e-02 5.68542191e-07 2.24480457e+00
1.82981313e+00 3.52483936e-02 1.30505920e-06 2.24136285e+0